# lp [Ang] energy [eV]
2.500000000000000000e+00 -5.492129008705980596e+03
2.577777777777777946e+00 -5.492793873616527890e+03
2.655555555555555447e+00 -5.493226985138811870e+03
2.733333333333333393e+00 -5.493487270617721151e+03
2.811111111111111338e+00 -5.493618953589652847e+03
2.888888888888888840e+00 -5.493655892774067070e+03
2.966666666666666785e+00 -5.493623904837397276e+03
3.044444444444444287e+00 -5.493542753545369123e+03
3.122222222222222232e+00 -5.493427779725025175e+03
3.200000000000000178e+00 -5.493291708236812156e+03
