# lp [Ang] energy [eV]
2.500000000000000000e+00 -5.485294463384195296e+03
2.577777777777777946e+00 -5.485825498752624299e+03
2.655555555555555447e+00 -5.486136418634419897e+03
2.733333333333333393e+00 -5.486285330359357431e+03
2.811111111111111338e+00 -5.486315616495945505e+03
2.888888888888888840e+00 -5.486260378062600466e+03
2.966666666666666785e+00 -5.486144590621814132e+03
3.044444444444444287e+00 -5.485987300647177108e+03
3.122222222222222232e+00 -5.485803071128262673e+03
3.200000000000000178e+00 -5.485604229231110367e+03
